name: bass1
channels:
  - bioconda
  - defaults
dependencies:
  - abyss=2.0.2=boost1.64_4
  - blas=1.0=mkl
  - blast=2.6.0=boost1.64_2
  - boost=1.67.0=py36_4
  - bowtie=1.2.2=py36h470a237_1
  - bwa=0.7.17=ha441bb4_5
  - bzip2=1.0.6=h1de35cc_5
  - ca-certificates=2019.1.23=0
  - certifi=2018.11.29=py36_0
  - circos=0.69.6=4
  - click=7.0=py36_0
  - cycler=0.10.0=py36hfc81398_0
  - expat=2.2.6=h0a44026_0
  - fastqc=0.11.8=1
  - font-ttf-dejavu-sans-mono=2.37=h6964260_0
  - fontconfig=2.13.0=h5d5b041_1
  - freetype=2.9.1=hb4e5f40_0
  - giflib=5.1.4=h1de35cc_1
  - git=2.20.1=pl526h6951d83_0
  - glimmerhmm=3.0.4=h470a237_2
  - icu=58.2=h4b95b61_1
  - intel-openmp=2019.1=144
  - jinja2=2.10=py36_0
  - joblib=0.13.2=py36_0
  - jpeg=9b=he5867d9_2
  - kiwisolver=1.0.1=py36h0a44026_0
  - krb5=1.16.1=hddcf347_7
  - libboost=1.67.0=hebc422b_4
  - libcurl=7.63.0=h051b688_1000
  - libcxx=4.0.1=hcfea43d_1
  - libcxxabi=4.0.1=hcfea43d_1
  - libedit=3.1.20181209=hb402a30_0
  - libffi=3.2.1=1
  - libgd=2.2.5=h527e5b3_3
  - libgfortran=3.0.1=h93005f0_2
  - libiconv=1.15=hdd342a3_7
  - libpng=1.6.36=ha441bb4_0
  - libssh2=1.8.0=ha12b0ac_4
  - libtiff=4.0.10=hcb84e12_2
  - libwebp=1.0.1=hd73b212_0
  - libxml2=2.9.9=hab757c2_0
  - make=4.2.1=h3efe00b_1
  - markupsafe=1.1.0=py36h1de35cc_0
  - mkl=2019.1=144
  - mkl_fft=1.0.10=py36h5e564d8_0
  - mkl_random=1.0.2=py36h27c97d8_0
  - ncurses=6.1=h0a44026_1
  - numpy=1.15.4=py36hacdab7b_0
  - numpy-base=1.15.4=py36h6575580_0
  - openjdk=8.0.152=h393ad39_1
  - openmpi=1.6.3=1
  - openssl=1.1.1a=h1de35cc_0
  - pandoc=2.2.3.2=0
  - perl=5.26.2=h4e221da_0
  - perl-autoloader=5.74=pl526_1
  - perl-carp=1.38=pl526_1
  - perl-clone=0.41=pl526h470a237_0
  - perl-config-general=2.63=pl526_0
  - perl-digest-perl-md5=1.9=pl526_1
  - perl-dynaloader=1.25=pl526_1
  - perl-exporter=5.72=pl526_1
  - perl-exporter-tiny=1.002001=pl526_0
  - perl-extutils-makemaker=7.34=pl526_3
  - perl-font-ttf=1.06=pl526_0
  - perl-gd=2.70=pl526he941832_0
  - perl-io-string=1.08=pl526_3
  - perl-list-moreutils=0.428=pl526_1
  - perl-list-moreutils-xs=0.428=pl526_0
  - perl-math-bezier=0.01=pl526_1
  - perl-math-round=0.07=pl526_1
  - perl-math-vecstat=0.08=pl526_1
  - perl-module-implementation=0.09=pl526_2
  - perl-module-runtime=0.016=pl526_0
  - perl-number-format=1.75=pl526_3
  - perl-params-validate=1.29=pl526h470a237_0
  - perl-pathtools=3.73=pl526h470a237_2
  - perl-readonly=2.05=pl526_0
  - perl-regexp-common=2017060201=pl526_0
  - perl-scalar-list-utils=1.45=pl526h470a237_3
  - perl-set-intspan=1.19=pl526_1
  - perl-statistics-basic=1.6611=0
  - perl-svg=2.84=pl526_0
  - perl-test-more=1.001002=pl526_1
  - perl-text-format=0.59=pl526_1
  - perl-threaded=5.22.0=10
  - perl-time-hires=1.9758=pl526_0
  - perl-try-tiny=0.30=pl526_0
  - perl-xml-parser=2.44=pl526h3a4f0e9_6
  - perl-xsloader=0.24=pl526_0
  - pip=19.0.1=py36_0
  - py-boost=1.67.0=py36h6440ff4_4
  - pyparsing=2.3.1=py36_0
  - python=3.6.8=haf84260_0
  - python-dateutil=2.7.5=py36_0
  - pytz=2018.9=py36_0
  - pyyaml=3.13=py36h1de35cc_0
  - quast=5.0.1=py36pl526ha92aebf_0
  - readline=7.0=h1de35cc_5
  - setuptools=40.8.0=py36_0
  - simplejson=3.8.1=py36_0
  - six=1.12.0=py36_0
  - skesa=2.3.0=h4ef8376_0
  - spades=3.13.0=0
  - sqlite=3.26.0=ha441bb4_0
  - tbb=2019.1=h04f5b5a_0
  - tk=8.6.8=ha441bb4_0
  - tornado=5.1.1=py36h1de35cc_0
  - trimmomatic=0.38=1
  - wheel=0.32.3=py36_0
  - xz=5.2.4=h1de35cc_4
  - yaml=0.1.7=hc338f04_2
  - zlib=1.2.11=h1de35cc_3
  - zstd=1.3.7=h5bba6e5_0
  - pip:
    - chardet==3.0.4
    - colormath==3.0.0
    - decorator==4.3.2
    - future==0.17.1
    - idna==2.8
    - lzstring==1.0.4
    - markdown==3.0.1
    - matplotlib==2.2.3
    - multiqc==1.7
    - networkx==2.2
    - requests==2.21.0
    - spectra==0.0.11
    - urllib3==1.24.1
prefix: /anaconda3/envs/bass1

