name: bass1
channels:
  - bioconda
  - defaults
dependencies:
  - abyss=2.0.1=boost1.60_1
  - blas=1.0=mkl
  - blast=2.5.0=hc0b0e79_3
  - boost=1.67.0=py36_4
  - bowtie=1.2.2=py36h2d50403_1
  - bwa=0.7.17=h84994c4_5
  - bzip2=1.0.6=h14c3975_5
  - ca-certificates=2019.1.23=0
  - certifi=2018.11.29=py36_0
  - circos=0.69.6=4
  - cycler=0.10.0=py36h93f1223_0
  - dbus=1.13.6=h746ee38_0
  - expat=2.2.6=he6710b0_0
  - fastqc=0.11.8=1
  - font-ttf-dejavu-sans-mono=2.37=h6964260_0
  - fontconfig=2.13.0=h9420a91_0
  - freetype=2.9.1=h8a8886c_1
  - giflib=5.1.4=h14c3975_1
  - glib=2.56.2=hd408876_0
  - glimmerhmm=3.0.4=h2d50403_2
  - gmp=6.1.2=h6c8ec71_1
  - gst-plugins-base=1.14.0=hbbd80ab_1
  - gstreamer=1.14.0=hb453b48_1
  - icu=58.2=h9c2bf20_1
  - intel-openmp=2019.1=144
  - joblib=0.13.1=py36_0
  - jpeg=9b=h024ee3a_2
  - kiwisolver=1.0.1=py36hf484d3e_0
  - libboost=1.67.0=h46d08c1_4
  - libedit=3.1.20181209=hc058e9b_0
  - libffi=3.2.1=hd88cf55_4
  - libgcc=7.2.0=h69d50b8_2
  - libgcc-ng=8.2.0=hdf63c60_1
  - libgd=2.2.5=hceca4fd_3
  - libgfortran-ng=7.3.0=hdf63c60_0
  - libpng=1.6.36=hbc83047_0
  - libstdcxx-ng=8.2.0=hdf63c60_1
  - libtiff=4.0.10=h2733197_2
  - libuuid=1.0.3=h1bed415_2
  - libwebp=1.0.1=h8e7db2f_0
  - libxcb=1.13=h1bed415_1
  - libxml2=2.9.9=he19cac6_0
  - mkl=2019.1=144
  - mkl_fft=1.0.10=py36ha843d7b_0
  - mkl_random=1.0.2=py36hd81dba3_0
  - ncurses=6.1=he6710b0_1
  - numpy=1.15.4=py36h7e9f1db_0
  - numpy-base=1.15.4=py36hde5b4d6_0
  - openjdk=8.0.152=h46b5887_1
  - openssl=1.1.1a=h7b6447c_0
  - pandoc=2.2.3.2=0
  - pcre=8.42=h439df22_0
  - perl=5.26.2=h14c3975_0
  - perl-autoloader=5.74=pl526_1
  - perl-carp=1.38=pl526_1
  - perl-clone=0.41=pl526h470a237_0
  - perl-config-general=2.63=pl526_0
  - perl-digest-perl-md5=1.9=pl526_1
  - perl-dynaloader=1.25=pl526_1
  - perl-exporter=5.72=pl526_1
  - perl-exporter-tiny=1.002001=pl526_0
  - perl-extutils-makemaker=7.34=pl526_3
  - perl-font-ttf=1.06=pl526_0
  - perl-gd=2.70=pl526he941832_0
  - perl-io-string=1.08=pl526_3
  - perl-list-moreutils=0.428=pl526_1
  - perl-list-moreutils-xs=0.428=pl526_0
  - perl-math-bezier=0.01=pl526_1
  - perl-math-round=0.07=pl526_1
  - perl-math-vecstat=0.08=pl526_1
  - perl-module-implementation=0.09=pl526_2
  - perl-module-runtime=0.016=pl526_0
  - perl-number-format=1.75=pl526_3
  - perl-params-validate=1.29=pl526h470a237_0
  - perl-pathtools=3.73=h470a237_2
  - perl-readonly=2.05=pl526_0
  - perl-regexp-common=2017060201=pl526_0
  - perl-scalar-list-utils=1.45=pl526h470a237_3
  - perl-set-intspan=1.19=pl526_1
  - perl-statistics-basic=1.6611=pl526_2
  - perl-svg=2.84=pl526_0
  - perl-test-more=1.001002=pl526_1
  - perl-text-format=0.59=pl526_1
  - perl-time-hires=1.9758=pl526_0
  - perl-try-tiny=0.30=pl526_0
  - perl-xml-parser=2.44=pl526h3a4f0e9_6
  - perl-xsloader=0.24=pl526_0
  - pip=19.0.1=py36_0
  - py-boost=1.67.0=py36h04863e7_4
  - pyparsing=2.3.1=py36_0
  - pyqt=5.9.2=py36h05f1152_2
  - python=3.6.8=h0371630_0
  - python-dateutil=2.7.5=py36_0
  - pytz=2018.9=py36_0
  - qt=5.9.7=h5867ecd_1
  - quast=5.0.2=py36pl526ha92aebf_0
  - readline=7.0=h7b6447c_5
  - setuptools=40.7.3=py36_0
  - simplejson=3.8.1=py36_0
  - sip=4.19.8=py36hf484d3e_0
  - six=1.12.0=py36_0
  - skesa=2.3.0=h4ef8376_0
  - spades=3.13.0=0
  - sqlite=3.26.0=h7b6447c_0
  - tbb=2019.1=hfd86e86_0
  - tk=8.6.8=hbc83047_0
  - tornado=5.1.1=py36h7b6447c_0
  - trimmomatic=0.38=1
  - wheel=0.32.3=py36_0
  - xz=5.2.4=h14c3975_4
  - zlib=1.2.11=h7b6447c_3
  - zstd=1.3.7=h0b5b093_0
  - pip:
    - chardet==3.0.4
    - click==7.0
    - colormath==3.0.0
    - decorator==4.3.2
    - future==0.17.1
    - idna==2.8
    - jinja2==2.10
    - lzstring==1.0.4
    - markdown==3.0.1
    - markupsafe==1.1.0
    - matplotlib==2.2.3
    - multiqc==1.7
    - networkx==2.2
    - pyyaml==3.13
    - requests==2.21.0
    - spectra==0.0.11
    - urllib3==1.24.1
prefix: /projects/home/whutwagner3/miniconda2/envs/bass1
